%patient BP

stimsites=[3:22 25:30 33:38 41:46];

ecssites=[...
    [10 11];...
    [21 29];...
    [25 26];...
    [29 37];...
    [33 34];...
    [42 43];...
    [43 44];...
    ];





