%patient HL

stimsites=[1:64];

ecssites=[...
    [13 21];...
    [20 21];...
    [20 28];...
    [28 29];...
    [31 39];...
    [39 40];...
    [40 48];...
    [50 51];...
    [50 58];...
    [51 59];...
    [57 58];...
    [58 59];...
    ];





