%patient WC

stimsites=[1:64];

ecssites=[...
    [17 18];...
    [25 26];...
    [30 38];...
    [38 46];...
    [39 48];...
    [45 53];...
    [46 54];...
    [48 56];...
    [52 53];...
    [52 60];...
    [53 61];...
    [54 62];...
    [54 63];...
    ];





